-1.292583687808763537e+00
6.803733266922299405e-01
-2.831870944705514592e-01
-8.341983158998840242e-01
5.593923587872914327e-01
2.269915595951237819e+00
-3.494843843224025304e-01
1.118159586022041685e+00
-1.149706690384233732e-01
-6.457136879096213589e-01
-1.786901691503538281e+00
1.652037357527286421e+00
-3.878968759086754564e-02
5.968882460828925929e-01
8.667405299776385075e-01
-2.097815731683569107e-01
-2.331741256569993315e+00
-1.625599111408958297e+00
7.633286682950095603e-01
-1.343349559423499651e+00
-9.006540652616616960e-01
-2.857169614943341207e-01
3.009378251684848848e-01
7.085082572633173426e-01
1.261941086475388385e+00
1.923125758147623821e-01
-9.804023758039339675e-01
7.215019182901368788e-01
-5.982599397127893459e-01
4.920520179271295480e-01
-1.513182330503272111e-01
6.590409348785055688e-01
1.601458679796971429e+00
-1.668991149063450696e-01
