-6.273572433930131309e-01
1.833715849215648896e+00
-3.749383215170947609e-02
-1.755141068733447884e-01
2.280717058522221952e-02
-7.741285641802486683e-02
-7.834653925683902898e-02
7.238374410275257020e-02
7.732178462303305189e-01
-1.582394099482708372e+00
4.173441816689906214e-01
-5.873390214206022364e-01
-2.425006025238573282e-01
8.332349439584149087e-01
-1.167842173791809435e+00
-8.150615937941069200e-01
-2.009714724438262101e-02
1.154542437332146454e+00
2.396938876891601122e-01
-1.947076745110271068e+00
6.350382906806727457e-01
-1.015491520060840092e+00
-7.544693791021414020e-01
1.216948171157799657e-01
1.211978743937895731e+00
5.799399602469589299e-01
-2.602165279531315489e-01
-9.407749686135554734e-01
3.626776305871989847e-01
2.449958545508641450e-01
-5.242845429135891688e-01
8.373493887972123240e-01
-2.555195647550432270e-01
-7.751362091724421921e-01
