-1.423071729399244090e+00
-7.805435665595478190e-01
1.882122980832177106e-01
-1.050709899570554606e+00
9.729292846242343362e-01
2.415623419161995744e-01
-1.342319675667791090e+00
2.492558627760372014e-01
9.916385164268315400e-01
-6.031765323591027350e-01
-8.432759551370048179e-01
4.712681168292996436e-01
-1.941565849974497882e+00
-1.019603163037647420e+00
2.817839241158218155e-01
8.069843904278373170e-01
2.680902676329455225e-01
-1.029166499255125711e+00
3.368084552475587024e-01
-8.629202992630011781e-01
-1.571880166492170827e-01
-1.972086920159656254e+00
1.605370362690053287e+00
1.334812620434076225e+00
-7.143674355089059125e-01
-1.901664953882999720e+00
3.737770308324452895e-01
-3.327309568507852422e-01
-2.689307935971255725e-01
-4.301955222183947436e-01
5.528126064552492114e-01
6.031964618145609913e-01
-9.673476486231018523e-01
-6.454532094361423722e-01
