1.411559077201211210e+00
7.056793407294974507e-01
-1.296353480011817494e+00
2.025968316642495548e+00
2.473989606312548828e-02
1.747329239611029594e+00
2.304516511761806274e+00
1.305683616938599530e-02
2.149573114140052310e-01
-1.360992933045163333e+00
1.274969301251078324e+00
5.206226383277589020e-01
1.463110343813563086e+00
-9.889839021119650742e-01
6.254940852522089534e-01
1.075681428052410876e-01
4.888996944420407886e-01
9.389157513335647520e-01
-5.275100667005957478e-01
-5.342427799754444900e-02
3.046316987592396774e-01
1.691213052393295335e+00
2.612230415706119357e-01
3.067510247642688537e-01
-1.301971278647017227e+00
5.993846914309127749e-01
-3.096683221295057353e-01
-2.906999206686331494e+00
2.985939228691327774e-01
-5.064496171981544004e-01
3.279153180714124982e-01
-6.807927441341591335e-01
-1.899660637434603672e-01
-7.959698736745322023e-01
