-1.258997936638190263e+00
-2.256912772326210570e-01
1.177535720627364668e+00
2.966835189173742116e-01
1.439877873638355954e+00
-9.305264913598167986e-01
2.135526362687133542e-02
5.846937458817786926e-01
3.378449540837984433e-01
1.035217752640936517e+00
6.526091614141651398e-01
4.447075284686348717e-01
-6.401817776107272817e-02
-4.864242745633969300e-01
-1.251276235015033933e+00
-3.184800346677295335e-02
-7.744679382870641726e-01
1.190079136922773451e+00
-3.245582747902051035e-01
7.098271219369366447e-01
1.038716597633080330e+00
3.354906016608922292e-01
8.836773621756857100e-01
1.423572394900012750e+00
1.000840123387995995e+00
-1.716159551696345043e+00
-6.115181303684051883e-01
-5.033101733220184393e-01
1.204214806110839309e+00
1.485778962530399649e+00
8.440246776842784682e-01
-6.679346397682170977e-01
6.786681428751927259e-01
-4.379142057122877296e-01
